000423  东阿阿胶        44.65   -1.41%  -0.64   45.29   45.27   45.88   44.32   30,400  13,616.00       44.64   44.65   加入帐户 删除
000538  云南白药        70.23   0.00%   0.00    70.23   0.00    0.00    0.00    0       0.00    --      --      加入帐户 删除
000951  中国重汽        11.33   -3.25%  -0.38   11.71   11.64   11.85   11.32   23,720  2,729.00        11.32   11.33   加入帐户 删除
000963  华东医药        34.36   -1.35%  -0.47   34.83   34.51   35.10   34.31   107,478 37,197.00       34.36   34.37   加入帐户 删除
002044  美年健康        16.71   0.00%   0.00    16.71   16.67   17.01   16.61   85,400  14,360.00       16.70   16.71   加入帐户 删除
002415  海康威视        26.72   -8.71%  -2.55   29.27   28.20   28.20   26.58   1,067,215       290,283.00      26.72   26.73   加入帐户 删除
002475  立讯精密        15.58   -3.71%  -0.60   16.18   15.77   16.05   15.54   310,583 48,920.00       15.58   15.59   加入帐户 删除
002594  比亚迪  55.40   1.28%   0.70    54.70   54.00   56.98   53.40   173,210 95,922.00       55.39   55.40   加入帐户 删除
002661  克明面业        12.87   -4.60%  -0.62   13.49   13.45   13.45   12.87   44,470  5,817.00        12.87   12.88   加入帐户 删除
002696  百洋股份        10.20   -2.30%  -0.24   10.44   10.36   10.62   10.15   28,767  2,997.00        10.20   10.21   加入帐户 删除
002818  富森美  22.49   -2.43%  -0.56   23.05   23.05   23.05   22.46   10,997  2,497.00        22.48   22.49   加入帐户 删除
300015  爱尔眼科        27.68   -2.50%  -0.71   28.39   28.28   28.30   27.62   83,821  23,389.00       27.65   27.68   加入帐户 删除
300203  聚光科技        24.60   -2.38%  -0.60   25.20   25.05   25.46   24.42   31,802  7,902.00        24.60   24.65   加入帐户 删除
300458  全志科技        21.89   1.16%   0.25    21.64   21.39   22.32   21.10   112,096 24,490.00       21.89   21.90   加入帐户 删除
600030  中信证券        17.37   -3.87%  -0.70   18.07   17.89   18.05   17.27   1,777,408       313,682.00      17.37   17.38   加入帐户 删除
600036  招商银行        28.42   -1.83%  -0.53   28.95   28.79   28.84   28.31   338,277 96,355.00       28.42   28.43   加入帐户 删除
600066  宇通客车        11.45   -3.38%  -0.40   11.85   11.80   11.80   11.41   115,141 13,304.00       11.44   11.45   加入帐户 删除
600104  上汽集团        25.68   -0.27%  -0.07   25.75   25.75   25.92   25.52   193,365 49,647.00       25.68   25.69   加入帐户 删除
600196  复星医药        28.10   -2.19%  -0.63   28.73   28.48   28.62   28.05   172,352 48,839.00       28.09   28.10   加入帐户 删除
600276  恒瑞医药        62.64   -1.06%  -0.67   63.31   62.91   63.61   62.30   123,957 77,891.00       62.63   62.64   加入帐户 删除
600305  恒顺醋业        9.56    -3.43%  -0.34   9.90    9.83    9.85    9.54    101,841 9,880.00        9.55    9.56    加入帐户 删除
600487  亨通光电        17.96   -4.72%  -0.89   18.85   18.68   18.68   17.96   378,282 69,348.00       17.95   17.96   加入帐户 删除
600566  济川药业        37.93   -1.12%  -0.43   38.36   37.83   38.32   37.68   18,840  7,157.00        37.90   37.93   加入帐户 删除
600660  福耀玻璃        22.33   -1.89%  -0.43   22.76   22.35   22.53   22.10   95,182  21,232.00       22.33   22.36   加入帐户 删除
600699  均胜电子        22.22   -1.46%  -0.33   22.55   22.29   22.49   22.18   40,553  9,051.00        22.21   22.22   加入帐户 删除
600741  华域汽车        17.48   -1.85%  -0.33   17.81   17.73   17.80   17.47   68,636  12,099.00       17.47   17.48   加入帐户 删除
600763  通策医疗        48.10   -1.72%  -0.84   48.94   48.60   48.84   47.80   12,663  6,117.00        48.09   48.10   加入帐户 删除
600816  安信信托        5.29    -4.86%  -0.27   5.56    5.46    5.53    5.28    409,886 22,121.00       5.28    5.29    加入帐户 删除
601088  中国神华        19.57   -2.25%  -0.45   20.02   19.89   19.92   19.49   135,684 26,706.00       19.56   19.57   加入帐户 删除
601211  国泰君安        16.04   -3.08%  -0.51   16.55   16.39   16.58   15.94   382,823 62,160.00       16.03   16.04   加入帐户 删除
601633  长城汽车        6.28    -2.03%  -0.13   6.41    6.34    6.43    6.25    232,674 14,786.00       6.28    6.29    加入帐户 删除
601688  华泰证券        17.20   -4.18%  -0.75   17.95   17.76   18.18   17.08   851,018 149,008.00      17.19   17.20   加入帐户 删除
601933  永辉超市        7.22    0.70%   0.05    7.17    7.20    7.34    7.17    546,108 39,576.00       7.21    7.22    加入帐户 删除
603658  安图生物        58.85   -2.60%  -1.57   60.42   61.06   61.06   58.80   5,422   3,242.00        58.85   58.98   加入帐户 删除
